,position,assignment
0,1,neutral
1,2,neutral
2,3,neutral
3,19,neutral
4,20,neutral
5,35,adverse
6,36,neutral
7,37,neutral
8,38,neutral
9,39,neutral
10,41,neutral
11,46,adverse
12,49,neutral
13,50,rheostat
14,51,neutral
15,52,neutral
16,53,neutral
17,54,neutral
18,55,adverse
19,71,neutral
20,72,toggle
21,76,rheostat
22,79,toggle
23,82,rheostat
24,89,neutral
25,90,toggle
26,95,toggle
27,104,toggle
28,109,toggle
29,111,toggle
30,121,toggle
31,126,neutral
32,129,rheostat
33,133,neutral
34,138,neutral
35,142,toggle
36,143,neutral
37,144,toggle
38,147,toggle
39,148,toggle
40,151,adverse
41,152,toggle
42,153,toggle
43,154,toggle
44,155,rheostat
45,160,toggle
46,161,rheostat
47,167,neutral
48,170,neutral
49,172,toggle
50,177,rheostat
51,183,toggle
52,184,rheostat
53,189,toggle
54,192,toggle
55,195,neutral
56,199,neutral
57,201,toggle
58,204,toggle
59,213,toggle
60,216,adverse
61,217,rheostat
62,219,toggle
63,220,rheostat
64,222,neutral
65,223,neutral
66,224,toggle
67,225,neutral
68,226,toggle
69,227,toggle
70,230,toggle
71,231,neutral
72,233,neutral
73,236,neutral
74,237,toggle
75,238,neutral
76,239,toggle
77,242,toggle
78,243,toggle
79,248,toggle
80,253,toggle
81,256,rheostat
82,258,toggle
83,272,toggle
84,279,neutral
85,282,toggle
86,283,rheostat
87,289,neutral
88,293,neutral
89,296,toggle
90,298,toggle
91,301,toggle
92,303,toggle
93,306,neutral
94,311,neutral
95,312,neutral
